9.797959
9.797959
10.000000
8.485281
8.944272
11.489125
10.583005
10.000000
10.198039
9.591663
9.591663
8.485281
11.661903
12.328828
8.246211
11.832160
11.832160
12.328828
12.649111
10.954452
10.583005
10.954452
11.489125
10.198039
11.313708
11.135529
10.583005
11.489125
11.313708
10.770329
8.485281
9.165152
9.380832
10.583005
6.633250
8.485281
8.485281
9.165152
8.246211
8.485281
9.591663
11.489125
9.591663
9.165152
10.954452
11.661903
9.797959
12.328828
10.583005
10.198039
12.489996
11.313708
11.135529
12.000000
11.135529
12.649111
12.165525
10.770329
10.954452
11.832160
11.135529
11.135529
10.954452
11.832160
10.583005
11.135529
10.198039
10.392304
10.954452
10.770329
10.000000
10.198039
11.832160
10.392304
11.135529
12.328828
12.000000
12.806249
10.770329
10.954452
11.313708
10.583005
10.198039
11.489125
12.649111
10.954452
11.832160
12.328828
12.489996
11.135529
10.000000
10.392304
14.832397
12.489996
10.954452
15.231546
11.661903
13.856406
12.328828
14.142136
8.944272
10.770329
10.770329
11.313708
10.392304
10.392304
9.797959
10.954452
10.770329
11.135529
11.489125
10.392304
13.266500
12.961481
11.661903
12.165525
11.832160
12.165525
12.806249
10.954452
11.313708
11.489125
10.392304
12.649111
10.770329
11.135529
11.661903
10.583005
11.832160
11.832160
12.489996
11.489125
12.165525
11.832160
12.000000
12.649111
11.661903
11.661903
10.954452
11.313708
12.489996
10.392304
13.266500
11.313708
10.954452
12.806249
12.165525
11.489125
11.489125
12.649111
10.954452
12.165525
10.392304
11.313708
10.392304
10.392304
11.661903
10.583005
12.489996
10.770329
10.198039
10.954452
10.000000
9.797959
11.661903
10.000000
10.954452
9.165152
10.198039
9.591663
11.489125
11.313708
13.416408
12.806249
11.832160
12.328828
12.328828
11.832160
13.114877
12.000000
11.489125
12.489996
12.165525
12.961481
12.328828
11.661903
12.165525
10.198039
11.135529
10.392304
10.000000
11.135529
10.583005
11.489125
9.797959
10.392304
10.954452
11.832160
10.198039
11.135529
12.165525
12.165525
13.416408
11.313708
10.954452
12.328828
10.770329
12.000000
10.000000
12.165525
13.711309
12.649111
12.649111
13.711309
10.770329
10.000000
11.661903
10.954452
11.135529
11.832160
11.832160
10.198039
10.000000
9.380832
10.000000
9.797959
11.135529
9.165152
9.797959
9.591663
9.165152
10.392304
9.165152
11.135529
11.313708
10.583005
12.000000
11.661903
12.328828
10.198039
11.135529
10.392304
11.313708
11.661903
11.661903
12.489996
10.000000
11.489125
14.282857
12.649111
12.000000
11.832160
9.591663
12.165525
12.165525
11.832160
10.770329
12.328828
12.961481
12.328828
11.135529
11.135529
11.832160
10.392304
12.000000
12.000000
10.954452
13.564660
9.797959
12.649111
11.489125
10.770329
9.165152
10.770329
11.313708
10.198039
11.661903
9.380832
10.198039
9.797959
11.661903
11.489125
12.328828
11.661903
11.489125
12.000000
11.661903
10.770329
11.489125
12.000000
9.165152
9.380832
8.717798
10.392304
9.591663
9.380832
8.944272
8.246211
11.489125
10.198039
12.806249
11.313708
12.961481
12.806249
13.114877
11.832160
12.328828
13.564660
13.711309
12.165525
10.000000
9.591663
10.392304
11.661903
10.198039
8.485281
10.392304
9.797959
11.135529
8.246211
10.198039
8.944272
11.832160
12.489996
11.313708
10.770329
12.165525
11.832160
11.489125
10.198039
9.591663
9.165152
9.591663
9.380832
7.483315
6.324555
9.165152
8.000000
8.246211
9.591663
11.135529
12.489996
10.583005
12.000000
11.661903
10.000000
11.135529
9.591663
9.165152
10.198039
12.806249
11.135529
11.832160
11.832160
10.583005
10.954452
10.198039
9.380832
10.583005
9.797959
12.489996
10.000000
12.165525
10.770329
11.313708
9.797959
10.954452
9.797959
9.797959
10.583005
8.485281
10.583005
12.649111
13.416408
11.313708
12.649111
13.114877
13.564660
14.832397
11.489125
10.198039
9.591663
8.717798
8.944272
10.392304
10.000000
9.380832
8.485281
9.165152
8.717798
12.489996
11.489125
11.832160
12.165525
10.954452
10.583005
11.661903
9.797959
12.961481
12.961481
10.770329
10.583005
11.489125
10.770329
9.591663
9.797959
10.583005
11.135529
9.591663
9.797959
11.661903
11.489125
10.770329
10.954452
10.770329
10.000000
11.313708
11.661903
11.135529
10.392304
10.198039
10.770329
10.770329
10.770329
12.165525
11.832160
11.135529
10.954452
10.198039
10.198039
11.135529
11.832160
11.313708
11.489125
9.797959
11.832160
10.583005
9.591663
7.483315
10.000000
11.489125
11.489125
11.489125
12.000000
11.661903
10.583005
9.591663
10.198039
10.770329
10.392304
10.392304
9.591663
9.797959
11.135529
10.954452
10.770329
10.954452
10.000000
10.583005
10.770329
10.198039
10.770329
9.591663
10.770329
9.165152
9.591663
10.770329
10.583005
10.198039
10.954452
11.135529
10.583005
9.797959
9.797959
11.832160
12.165525
11.489125
10.954452
11.313708
8.485281
9.165152
11.661903
12.328828
11.313708
11.832160
11.489125
10.770329
11.661903
11.313708
10.954452
11.489125
10.392304
10.392304
12.000000
10.954452
10.583005
11.135529
9.380832
11.135529
11.135529
12.649111
13.564660
12.961481
10.392304
10.954452
9.797959
11.489125
12.000000
12.489996
10.770329
9.797959
9.591663
10.770329
9.380832
9.591663
11.135529
10.198039
10.583005
8.717798
10.000000
10.583005
11.489125
10.000000
10.198039
10.770329
9.165152
10.954452
10.954452
11.489125
10.000000
10.954452
9.380832
14.560220
14.000000
10.198039
12.489996
12.165525
12.165525
11.489125
11.313708
11.135529
10.392304
10.770329
10.770329
10.198039
9.380832
12.000000
10.583005
10.583005
10.954452
10.770329
10.770329
8.717798
11.313708
9.797959
10.583005
11.135529
9.797959
9.591663
11.135529
10.770329
10.583005
10.583005
10.954452
8.717798
9.591663
10.000000
10.583005
9.797959
10.583005
11.313708
10.198039
9.797959
10.770329
12.649111
12.328828
10.392304
10.583005
10.392304
11.135529
10.583005
10.770329
9.797959
10.198039
10.392304
9.797959
10.198039
9.591663
10.392304
8.485281
10.198039
11.313708
10.583005
10.000000
11.313708
11.661903
11.489125
11.313708
11.135529
11.489125
10.770329
9.797959
10.770329
10.000000
11.135529
11.313708
10.954452
10.000000
11.135529
10.954452
6.324555
8.485281
10.198039
9.591663
6.928203
9.380832
8.246211
8.485281
7.745967
7.745967
11.489125
12.489996
11.832160
12.806249
11.661903
11.661903
10.198039
8.944272
10.583005
9.797959
10.198039
11.832160
10.000000
11.313708
10.770329
10.000000
9.797959
11.313708
10.000000
10.392304
10.954452
9.591663
10.583005
10.583005
10.770329
10.198039
10.583005
11.489125
11.135529
11.313708
8.944272
10.198039
9.380832
10.770329
8.485281
11.661903
10.770329
10.583005
9.591663
10.770329
12.961481
10.954452
11.135529
11.135529
12.000000
12.165525
11.489125
11.832160
11.832160
10.198039
10.954452
11.489125
10.770329
11.313708
11.135529
10.392304
10.954452
10.583005
9.591663
10.770329
9.380832
8.000000
9.797959
9.165152
7.483315
9.797959
9.165152
8.000000
8.246211
8.717798
9.591663
9.591663
10.000000
11.313708
9.380832
7.483315
10.770329
8.944272
8.717798
10.392304
8.485281
10.198039
10.000000
11.832160
9.380832
10.000000
12.165525
10.000000
12.165525
11.313708
10.770329
12.328828
13.114877
12.806249
10.392304
10.198039
11.313708
8.246211
11.135529
9.797959
11.489125
11.661903
11.135529
11.313708
11.489125
11.661903
11.832160
11.135529
12.328828
11.489125
9.165152
11.832160
11.313708
13.416408
10.954452
11.135529
12.649111
8.717798
10.198039
10.392304
10.770329
10.770329
11.313708
12.649111
9.380832
10.770329
12.165525
10.770329
13.416408
11.313708
10.954452
11.661903
11.661903
10.770329
12.000000
9.797959
10.392304
11.661903
11.489125
11.135529
10.198039
8.944272
11.832160
10.000000
8.944272
11.135529
11.135529
10.770329
11.135529
10.583005
12.328828
12.961481
10.583005
11.661903
11.313708
11.313708
12.000000
12.649111
10.954452
10.583005
10.770329
10.770329
11.313708
10.770329
12.649111
11.135529
9.380832
11.135529
10.583005
8.717798
12.961481
12.328828
12.000000
11.313708
11.313708
10.954452
12.328828
10.954452
11.661903
12.961481
11.135529
10.954452
11.135529
10.583005
11.135529
12.328828
11.135529
10.392304
10.583005
9.591663
10.770329
10.583005
10.198039
10.392304
9.165152
10.770329
10.583005
10.583005
9.165152
9.591663
7.483315
11.661903
10.954452
12.806249
11.313708
11.313708
12.806249
9.797959
11.489125
10.392304
10.770329
10.198039
10.198039
10.954452
10.770329
10.770329
10.770329
10.198039
10.583005
10.198039
10.392304
10.000000
11.313708
10.954452
11.313708
10.000000
10.000000
11.832160
11.489125
11.313708
9.380832
12.165525
12.961481
12.000000
11.832160
12.000000
12.328828
10.000000
10.392304
10.583005
10.392304
11.313708
11.313708
13.266500
11.135529
13.114877
13.416408
12.961481
12.961481
11.313708
12.489996
12.000000
11.661903
12.328828
12.165525
13.416408
13.711309
12.000000
10.954452
12.328828
10.392304
11.661903
11.135529
11.135529
9.591663
10.583005
10.954452
11.832160
11.489125
12.000000
8.717798
8.717798
10.392304
11.313708
10.198039
10.954452
11.832160
8.485281
9.591663
9.165152
10.583005
10.954452
9.380832
10.198039
11.661903
10.198039
10.583005
10.954452
11.661903
8.944272
8.000000
6.324555
10.000000
6.000000
8.944272
9.165152
9.165152
9.591663
6.633250
9.797959
10.392304
10.000000
10.770329
10.392304
8.944272
8.944272
9.797959
9.380832
9.797959
9.797959
11.135529
10.954452
10.583005
11.135529
10.770329
10.000000
10.198039
9.380832
11.489125
11.135529
10.198039
10.000000
10.583005
10.392304
10.770329
9.797959
11.135529
8.717798
10.583005
10.770329
9.380832
10.000000
10.583005
8.717798
10.000000
9.797959
9.591663
10.770329
9.797959
10.000000
10.583005
11.832160
12.165525
11.832160
9.591663
10.770329
12.489996
10.954452
12.328828
11.313708
15.748015
13.856406
10.392304
12.806249
12.000000
16.370705
14.282857
15.362291
12.489996
12.961481
9.797959
12.328828
10.770329
10.954452
11.313708
10.000000
11.313708
11.489125
12.649111
10.770329
14.282857
12.961481
12.165525
12.806249
11.489125
11.313708
12.328828
10.770329
12.489996
11.661903
10.392304
10.000000
10.392304
10.198039
10.583005
9.797959
9.591663
10.198039
10.770329
10.392304
11.661903
10.583005
11.661903
12.000000
11.313708
10.198039
9.797959
10.198039
10.198039
7.483315
11.135529
13.266500
11.489125
11.661903
11.832160
11.661903
11.135529
12.165525
12.000000
12.806249
10.198039
10.392304
9.380832
8.485281
9.591663
8.485281
10.954452
10.770329
10.770329
10.583005
9.380832
10.198039
10.198039
7.745967
10.198039
10.583005
9.591663
8.944272
9.591663
8.717798
12.000000
11.832160
10.392304
10.198039
9.165152
9.591663
10.198039
10.198039
11.489125
9.591663
12.165525
11.489125
11.313708
10.770329
9.797959
10.392304
9.380832
10.392304
9.797959
11.489125
9.165152
9.797959
9.380832
8.944272
9.165152
8.717798
10.770329
10.954452
10.198039
10.198039
10.954452
10.583005
12.165525
10.198039
11.661903
10.770329
10.954452
10.392304
9.380832
11.489125
11.313708
12.000000
11.135529
12.806249
11.313708
12.165525
12.489996
13.114877
12.165525
12.328828
10.954452
10.770329
11.135529
10.770329
11.135529
11.832160
11.135529
10.198039
9.797959
9.380832
11.489125
10.392304
10.392304
11.489125
10.583005
9.797959
11.661903
10.954452
12.649111
12.961481
11.661903
11.313708
12.165525
13.564660
11.661903
12.165525
13.564660
12.165525
13.266500
11.832160
10.392304
10.392304
10.770329
11.313708
10.583005
10.583005
11.489125
11.313708
11.135529
12.165525
10.954452
12.000000
11.661903
10.954452
11.313708
12.000000
10.954452
12.649111
11.313708
12.000000
10.954452
11.135529
11.135529
11.832160
11.489125
10.770329
10.392304
11.313708
10.198039
12.328828
10.392304
10.392304
10.770329
10.583005
10.583005
9.380832
10.392304
10.583005
10.000000
8.246211
10.392304
9.380832
10.392304
9.591663
10.392304
10.954452
12.000000
10.770329
11.489125
11.313708
10.770329
10.198039
12.000000
10.583005
11.135529
11.489125
11.489125
12.649111
12.328828
10.954452
10.954452
10.954452
10.770329
10.000000
9.380832
11.135529
10.770329
10.770329
10.770329
10.954452
12.806249
10.770329
10.583005
8.717798
12.961481
12.489996
12.961481
11.135529
11.313708
10.392304
10.770329
10.954452
12.165525
14.000000
11.832160
11.661903
13.564660
11.135529
14.000000
12.000000
10.198039
9.165152
11.135529
8.717798
11.135529
11.489125
9.165152
11.313708
11.313708
10.583005
9.797959
10.583005
12.000000
10.954452
8.944272
11.661903
11.313708
12.000000
12.000000
12.649111
11.135529
10.770329
12.165525
11.135529
10.583005
10.954452
10.198039
12.000000
10.198039
10.954452
16.852299
16.370705
13.266500
15.231546
9.797959
13.711309
10.392304
14.000000
10.770329
12.328828
11.313708
11.135529
11.661903
8.944272
12.806249
10.583005
11.313708
11.832160
11.489125
10.954452
10.770329
11.489125
12.328828
10.583005
12.000000
13.114877
11.489125
11.489125
11.135529
10.954452
12.000000
12.649111
11.313708
10.954452
10.954452
11.661903
11.661903
11.661903
10.583005
12.328828
11.489125
13.564660
14.142136
11.489125
12.489996
12.489996
10.583005
11.313708
12.165525
12.165525
11.313708
10.770329
11.313708
12.328828
11.489125
10.583005
11.661903
9.591663
10.770329
10.583005
9.380832
9.797959
11.135529
10.000000
8.485281
9.591663
9.165152
10.770329
8.717798
9.380832
8.485281
8.944272
9.797959
9.591663
8.000000
8.944272
7.211102
8.000000
8.717798
9.165152
10.198039
10.583005
10.770329
11.135529
10.954452
10.000000
11.489125
8.717798
10.000000
9.797959
10.392304
10.583005
11.135529
12.165525
9.591663
10.583005
10.954452
12.165525
12.165525
9.797959
8.944272
13.564660
11.832160
12.000000
13.856406
12.489996
12.649111
10.770329
10.198039
9.591663
10.392304
12.489996
11.313708
11.313708
12.649111
11.489125
12.165525
11.832160
12.489996
11.661903
9.797959
10.583005
13.416408
12.961481
10.954452
12.806249
12.961481
11.489125
12.000000
9.591663
10.954452
10.000000
9.591663
10.000000
11.832160
10.770329
11.489125
10.198039
9.797959
8.944272
10.392304
11.135529
12.961481
12.489996
11.661903
11.135529
12.000000
11.832160
12.328828
11.832160
10.770329
10.000000
8.944272
10.954452
10.954452
10.770329
11.135529
7.745967
10.000000
9.380832
10.198039
11.313708
10.770329
10.954452
9.797959
9.591663
9.380832
10.770329
9.380832
9.591663
8.717798
10.954452
10.583005
10.392304
10.770329
10.392304
10.954452
12.000000
10.392304
10.770329
9.797959
11.135529
9.591663
11.313708
11.489125
9.591663
12.000000
11.661903
8.717798
10.770329
10.770329
9.797959
11.661903
10.770329
11.135529
11.832160
10.954452
10.583005
12.165525
9.165152
10.198039
11.832160
10.954452
10.954452
10.770329
11.313708
10.954452
10.770329
11.489125
9.797959
10.954452
12.000000
12.165525
11.661903
10.198039
9.591663
8.485281
9.165152
9.797959
9.165152
11.135529
11.135529
9.380832
10.198039
12.000000
9.165152
7.745967
12.165525
11.489125
8.485281
10.954452
9.591663
9.797959
10.583005
10.000000
9.797959
11.313708
7.211102
10.000000
10.954452
11.135529
10.954452
12.165525
9.797959
11.489125
11.313708
11.135529
12.165525
12.000000
10.770329
11.313708
12.328828
14.000000
12.961481
10.954452
11.832160
12.328828
11.489125
10.954452
11.489125
10.000000
9.797959
9.591663
10.000000
10.392304
11.313708
8.000000
8.246211
9.591663
10.583005
10.198039
11.313708
11.313708
10.954452
9.797959
9.797959
8.944272
10.583005
10.583005
9.797959
10.198039
10.770329
10.770329
12.000000
10.392304
11.832160
10.198039
11.313708
10.000000
11.832160
10.000000
10.954452
10.000000
10.198039
11.135529
10.954452
10.392304
10.770329
11.661903
10.770329
8.485281
10.392304
9.380832
10.392304
10.392304
8.944272
10.392304
10.392304
11.661903
10.000000
12.328828
12.000000
14.142136
13.266500
12.328828
13.856406
12.328828
11.313708
10.954452
12.961481
10.392304
10.583005
9.797959
10.392304
10.770329
10.770329
7.483315
10.954452
10.000000
10.392304
12.328828
12.165525
11.489125
11.489125
11.135529
11.832160
11.832160
12.000000
10.954452
10.583005
11.489125
10.954452
10.770329
10.583005
9.165152
8.944272
10.000000
10.770329
9.797959
10.000000
10.954452
11.661903
12.000000
12.961481
10.954452
11.313708
10.954452
11.313708
12.000000
9.797959
12.000000
11.313708
10.392304
10.583005
11.313708
11.832160
10.954452
9.591663
9.380832
8.717798
9.797959
11.661903
10.583005
10.000000
9.380832
8.944272
9.165152
9.380832
10.392304
9.165152
10.198039
10.770329
10.583005
10.198039
11.832160
10.583005
11.313708
12.489996
10.392304
8.944272
8.485281
10.583005
10.000000
10.392304
8.944272
8.717798
8.717798
8.246211
9.591663
6.928203
11.489125
11.135529
12.961481
11.313708
9.380832
10.392304
11.489125
9.165152
11.832160
10.583005
11.661903
11.135529
10.583005
11.313708
12.806249
11.661903
11.313708
11.135529
10.392304
12.328828
10.954452
8.246211
9.380832
9.165152
10.000000
10.583005
9.165152
9.591663
8.485281
9.591663
10.583005
9.797959
12.000000
11.135529
10.954452
11.661903
12.489996
11.661903
12.489996
11.489125
8.717798
11.135529
10.770329
10.000000
10.583005
10.954452
9.380832
10.954452
11.661903
10.198039
10.198039
9.591663
8.485281
10.770329
8.246211
9.380832
8.717798
10.392304
9.797959
9.165152
10.392304
12.000000
10.954452
10.583005
9.591663
10.000000
7.211102
11.313708
9.797959
9.797959
12.649111
10.583005
12.000000
10.954452
11.661903
12.000000
12.328828
11.661903
10.583005
12.649111
10.392304
11.313708
11.489125
10.583005
10.000000
10.198039
11.832160
11.135529
10.583005
11.489125
8.944272
11.313708
13.564660
12.000000
9.380832
12.961481
12.328828
11.313708
12.328828
13.564660
9.591663
9.591663
9.380832
9.165152
9.797959
9.165152
10.198039
11.489125
10.954452
10.770329
10.198039
8.246211
9.165152
10.198039
10.770329
10.392304
12.328828
9.380832
9.591663
8.717798
12.165525
11.135529
13.856406
13.564660
11.313708
13.416408
15.099669
13.711309
14.560220
12.961481
13.416408
13.266500
12.649111
10.392304
12.806249
12.806249
13.266500
12.649111
13.114877
11.135529
10.000000
9.797959
10.954452
12.000000
10.770329
10.392304
9.591663
10.198039
12.328828
11.313708
11.135529
9.797959
11.313708
10.954452
10.770329
11.135529
10.770329
11.313708
11.313708
11.661903
10.198039
9.380832
10.392304
11.135529
8.000000
10.392304
11.135529
10.770329
10.392304
9.380832
11.313708
12.961481
12.649111
12.489996
9.380832
10.198039
11.135529
11.313708
10.000000
10.770329
10.000000
10.000000
11.313708
10.392304
11.661903
10.392304
10.954452
9.591663
10.583005
10.392304
10.770329
10.770329
11.135529
12.165525
9.797959
9.797959
9.797959
8.944272
10.583005
8.485281
11.135529
9.165152
11.313708
10.954452
10.198039
10.770329
10.392304
10.770329
10.000000
10.583005
11.135529
10.392304
12.328828
11.135529
9.380832
10.392304
9.380832
10.392304
10.198039
8.717798
9.797959
8.717798
10.198039
10.000000
10.392304
9.797959
10.392304
10.392304
10.583005
11.135529
11.489125
11.832160
12.165525
14.142136
11.313708
12.000000
12.489996
12.649111
12.806249
13.114877
10.954452
9.591663
11.135529
11.313708
9.591663
12.165525
11.313708
11.313708
11.489125
11.832160
12.328828
11.489125
11.313708
12.806249
12.165525
12.000000
12.165525
10.392304
12.328828
11.489125
10.770329
10.000000
11.489125
11.313708
10.198039
10.954452
11.832160
12.649111
11.832160
11.489125
9.797959
9.591663
9.380832
11.135529
10.000000
9.797959
10.770329
8.246211
10.954452
10.392304
9.165152
10.198039
9.591663
10.198039
7.211102
8.000000
8.717798
8.717798
8.944272
8.246211
10.392304
10.000000
10.392304
10.954452
10.583005
10.583005
12.165525
8.944272
11.135529
10.770329
11.313708
12.328828
11.313708
12.165525
11.313708
11.313708
11.489125
10.954452
12.165525
10.770329
11.832160
12.806249
12.328828
11.135529
12.328828
13.416408
12.649111
11.135529
11.313708
10.770329
9.591663
11.489125
10.198039
12.165525
8.944272
8.717798
11.661903
10.770329
13.266500
11.489125
10.583005
9.797959
9.797959
9.591663
11.313708
10.583005
10.392304
9.797959
11.489125
10.392304
12.961481
11.832160
11.135529
11.313708
11.832160
11.489125
13.266500
10.954452
12.806249
10.770329
